Date,Count,Day,MonthlyCumSum,YearlyCumSum
2015-01-01,435,2015-01-01,435,435
2015-01-02,467,2015-01-02,902,902
2015-01-03,505,2015-01-03,1407,1407
2015-01-04,139,2015-01-04,1546,1546
2015-01-05,732,2015-01-05,2278,2278
2015-01-06,1228,2015-01-06,3506,3506
2015-01-07,1333,2015-01-07,4839,4839
2015-01-08,1376,2015-01-08,6215,6215
2015-01-09,1258,2015-01-09,7473,7473
2015-01-10,498,2015-01-10,7971,7971
2015-01-11,465,2015-01-11,8436,8436
2015-01-12,1330,2015-01-12,9766,9766
2015-01-13,1400,2015-01-13,11166,11166
2015-01-14,1327,2015-01-14,12493,12493
2015-01-15,1205,2015-01-15,13698,13698
2015-01-16,1287,2015-01-16,14985,14985
2015-01-17,472,2015-01-17,15457,15457
2015-01-18,210,2015-01-18,15667,15667
2015-01-19,1365,2015-01-19,17032,17032
2015-01-20,1401,2015-01-20,18433,18433
2015-01-21,1350,2015-01-21,19783,19783
2015-01-22,974,2015-01-22,20757,20757
2015-01-23,866,2015-01-23,21623,21623
2015-01-24,370,2015-01-24,21993,21993
2015-01-25,769,2015-01-25,22762,22762
2015-01-26,1332,2015-01-26,24094,24094
2015-01-27,1457,2015-01-27,25551,25551
2015-01-28,1388,2015-01-28,26939,26939
2015-01-29,1542,2015-01-29,28481,28481
2015-01-30,1344,2015-01-30,29825,29825
2015-01-31,784,2015-01-31,30609,30609
2015-02-01,385,2015-02-01,385,30994
2015-02-02,1085,2015-02-02,1470,32079
2015-02-03,1278,2015-02-03,2748,33357
2015-02-04,1188,2015-02-04,3936,34545
2015-02-05,851,2015-02-05,4787,35396
2015-02-06,715,2015-02-06,5502,36111
2015-02-07,396,2015-02-07,5898,36507
2015-02-08,820,2015-02-08,6718,37327
2015-02-09,489,2015-02-09,7207,37816
2015-02-10,1430,2015-02-10,8637,39246
2015-02-11,1526,2015-02-11,10163,40772
2015-02-12,1150,2015-02-12,11313,41922
2015-02-13,1121,2015-02-13,12434,43043
2015-02-14,984,2015-02-14,13418,44027
2015-02-15,1234,2015-02-15,14652,45261
2015-02-16,1559,2015-02-16,16211,46820
2015-02-17,1704,2015-02-17,17915,48524
2015-02-18,1592,2015-02-18,19507,50116
2015-02-19,1128,2015-02-19,20635,51244
2015-02-20,1269,2015-02-20,21904,52513
2015-02-21,1415,2015-02-21,23319,53928
2015-02-22,1166,2015-02-22,24485,55094
2015-02-23,1618,2015-02-23,26103,56712
2015-02-24,1704,2015-02-24,27807,58416
2015-02-25,1322,2015-02-25,29129,59738
2015-02-26,1201,2015-02-26,30330,60939
2015-02-27,825,2015-02-27,31155,61764
2015-02-28,1269,2015-02-28,32424,63033
2015-03-01,1068,2015-03-01,1068,64101
2015-03-02,1614,2015-03-02,2682,65715
2015-03-03,1761,2015-03-03,4443,67476
2015-03-04,1683,2015-03-04,6126,69159
2015-03-05,1583,2015-03-05,7709,70742
2015-03-06,1490,2015-03-06,9199,72232
2015-03-07,1498,2015-03-07,10697,73730
2015-03-08,1409,2015-03-08,12106,75139
2015-03-09,1631,2015-03-09,13737,76770
2015-03-10,1610,2015-03-10,15347,78380
2015-03-11,1393,2015-03-11,16740,79773
2015-03-12,1561,2015-03-12,18301,81334
2015-03-13,1453,2015-03-13,19754,82787
2015-03-14,564,2015-03-14,20318,83351
2015-03-15,179,2015-03-15,20497,83530
2015-03-16,1454,2015-03-16,21951,84984
2015-03-17,1724,2015-03-17,23675,86708
2015-03-18,1815,2015-03-18,25490,88523
2015-03-19,1189,2015-03-19,26679,89712
2015-03-20,1043,2015-03-20,27722,90755
2015-03-21,936,2015-03-21,28658,91691
2015-03-22,909,2015-03-22,29567,92600
2015-03-23,1464,2015-03-23,31031,94064
2015-03-24,1815,2015-03-24,32846,95879
2015-03-25,1170,2015-03-25,34016,97049
2015-03-26,1786,2015-03-26,35802,98835
2015-03-27,1688,2015-03-27,37490,100523
2015-03-28,993,2015-03-28,38483,101516
2015-03-29,380,2015-03-29,38863,101896
2015-03-30,1833,2015-03-30,40696,103729
2015-03-31,1628,2015-03-31,42324,105357
2015-04-01,1526,2015-04-01,1526,106883
2015-04-02,1516,2015-04-02,3042,108399
2015-04-03,905,2015-04-03,3947,109304
2015-04-04,1021,2015-04-04,4968,110325
2015-04-05,1206,2015-04-05,6174,111531
2015-04-06,1288,2015-04-06,7462,112819
2015-04-07,1993,2015-04-07,9455,114812
2015-04-08,2089,2015-04-08,11544,116901
2015-04-09,2046,2015-04-09,13590,118947
2015-04-10,1242,2015-04-10,14832,120189
2015-04-11,966,2015-04-11,15798,121155
2015-04-12,1118,2015-04-12,16916,122273
2015-04-13,1240,2015-04-13,18156,123513
2015-04-14,1795,2015-04-14,19951,125308
2015-04-15,1824,2015-04-15,21775,127132
2015-04-16,2021,2015-04-16,23796,129153
2015-04-17,1903,2015-04-17,25699,131056
2015-04-18,1625,2015-04-18,27324,132681
2015-04-19,1757,2015-04-19,29081,134438
2015-04-20,2311,2015-04-20,31392,136749
2015-04-21,1832,2015-04-21,33224,138581
2015-04-22,1972,2015-04-22,35196,140553
2015-04-23,1410,2015-04-23,36606,141963
2015-04-24,1363,2015-04-24,37969,143326
2015-04-25,999,2015-04-25,38968,144325
2015-04-26,1052,2015-04-26,40020,145377
2015-04-27,1764,2015-04-27,41784,147141
2015-04-28,1780,2015-04-28,43564,148921
2015-04-29,2085,2015-04-29,45649,151006
2015-04-30,1955,2015-04-30,47604,152961
2015-05-01,1920,2015-05-01,1920,154881
2015-05-02,1685,2015-05-02,3605,156566
2015-05-03,1784,2015-05-03,5389,158350
2015-05-04,2078,2015-05-04,7467,160428
2015-05-05,1791,2015-05-05,9258,162219
2015-05-06,2185,2015-05-06,11443,164404
2015-05-07,2414,2015-05-07,13857,166818
2015-05-08,2240,2015-05-08,16097,169058
2015-05-09,1863,2015-05-09,17960,170921
2015-05-10,1458,2015-05-10,19418,172379
2015-05-11,1997,2015-05-11,21415,174376
2015-05-12,2157,2015-05-12,23572,176533
2015-05-13,2054,2015-05-13,25626,178587
2015-05-14,2227,2015-05-14,27853,180814
2015-05-15,2055,2015-05-15,29908,182869
2015-05-16,1557,2015-05-16,31465,184426
2015-05-17,1835,2015-05-17,33300,186261
2015-05-18,2087,2015-05-18,35387,188348
2015-05-19,2431,2015-05-19,37818,190779
2015-05-20,2721,2015-05-20,40539,193500
2015-05-21,2405,2015-05-21,42944,195905
2015-05-22,2041,2015-05-22,44985,197946
2015-05-23,1681,2015-05-23,46666,199627
2015-05-24,1741,2015-05-24,48407,201368
2015-05-25,3169,2015-05-25,51576,204537
2015-05-26,2882,2015-05-26,54458,207419
2015-05-27,3180,2015-05-27,57638,210599
2015-05-28,2943,2015-05-28,60581,213542
2015-05-29,2911,2015-05-29,63492,216453
2015-05-30,1910,2015-05-30,65402,218363
2015-05-31,1540,2015-05-31,66942,219903
2015-06-01,2137,2015-06-01,2137,222040
2015-06-02,2073,2015-06-02,4210,224113
2015-06-03,2296,2015-06-03,6506,226409
2015-06-04,2490,2015-06-04,8996,228899
2015-06-05,2448,2015-06-05,11444,231347
2015-06-06,2021,2015-06-06,13465,233368
2015-06-07,2168,2015-06-07,15633,235536
2015-06-08,2728,2015-06-08,18361,238264
2015-06-09,2805,2015-06-09,21166,241069
2015-06-10,2713,2015-06-10,23879,243782
2015-06-11,2527,2015-06-11,26406,246309
2015-06-12,2329,2015-06-12,28735,248638
2015-06-13,1907,2015-06-13,30642,250545
2015-06-14,1887,2015-06-14,32529,252432
2015-06-15,2683,2015-06-15,35212,255115
2015-06-16,2637,2015-06-16,37849,257752
2015-06-17,2756,2015-06-17,40605,260508
2015-06-18,2196,2015-06-18,42801,262704
2015-06-19,2136,2015-06-19,44937,264840
2015-06-20,2033,2015-06-20,46970,266873
2015-06-21,2594,2015-06-21,49564,269467
2015-06-22,2502,2015-06-22,52066,271969
2015-06-23,2613,2015-06-23,54679,274582
2015-06-24,2475,2015-06-24,57154,277057
2015-06-25,2876,2015-06-25,60030,279933
2015-06-26,2412,2015-06-26,62442,282345
2015-06-27,1772,2015-06-27,64214,284117
2015-06-28,1449,2015-06-28,65663,285566
2015-06-29,2558,2015-06-29,68221,288124
2015-06-30,2637,2015-06-30,70858,290761
2015-07-01,2783,2015-07-01,2783,293544
2015-07-02,2562,2015-07-02,5345,296106
2015-07-03,2405,2015-07-03,7750,298511
2015-07-04,2088,2015-07-04,9838,300599
2015-07-05,1752,2015-07-05,11590,302351
2015-07-06,2466,2015-07-06,14056,304817
2015-07-07,2574,2015-07-07,16630,307391
2015-07-08,2737,2015-07-08,19367,310128
2015-07-09,2660,2015-07-09,22027,312788
2015-07-10,2318,2015-07-10,24345,315106
2015-07-11,1476,2015-07-11,25821,316582
2015-07-12,1586,2015-07-12,27407,318168
2015-07-13,2561,2015-07-13,29968,320729
2015-07-14,2842,2015-07-14,32810,323571
2015-07-15,2709,2015-07-15,35519,326280
2015-07-16,2758,2015-07-16,38277,329038
2015-07-17,2426,2015-07-17,40703,331464
2015-07-18,2128,2015-07-18,42831,333592
2015-07-19,2070,2015-07-19,44901,335662
2015-07-20,2384,2015-07-20,47285,338046
2015-07-21,2534,2015-07-21,49819,340580
2015-07-22,2748,2015-07-22,52567,343328
2015-07-23,2566,2015-07-23,55133,345894
2015-07-24,1042,2015-07-24,56175,346936
2015-07-25,1509,2015-07-25,57684,348445
2015-07-26,1649,2015-07-26,59333,350094
2015-07-27,2585,2015-07-27,61918,352679
2015-07-28,2763,2015-07-28,64681,355442
2015-07-29,2920,2015-07-29,67601,358362
2015-07-30,2663,2015-07-30,70264,361025
2015-07-31,2342,2015-07-31,72606,363367
2015-08-01,1907,2015-08-01,1907,365274
2015-08-02,1998,2015-08-02,3905,367272
2015-08-03,1959,2015-08-03,5864,369231
2015-08-04,2465,2015-08-04,8329,371696
2015-08-05,1928,2015-08-05,10257,373624
2015-08-06,2453,2015-08-06,12710,376077
2015-08-07,2384,2015-08-07,15094,378461
2015-08-08,1401,2015-08-08,16495,379862
2015-08-09,1786,2015-08-09,18281,381648
2015-08-10,2329,2015-08-10,20610,383977
2015-08-11,2861,2015-08-11,23471,386838
2015-08-12,3073,2015-08-12,26544,389911
2015-08-13,2635,2015-08-13,29179,392546
2015-08-14,1574,2015-08-14,30753,394120
2015-08-15,1530,2015-08-15,32283,395650
2015-08-16,1882,2015-08-16,34165,397532
2015-08-17,2494,2015-08-17,36659,400026
2015-08-18,2772,2015-08-18,39431,402798
2015-08-19,2704,2015-08-19,42135,405502
2015-08-20,2624,2015-08-20,44759,408126
2015-08-21,2360,2015-08-21,47119,410486
2015-08-22,1968,2015-08-22,49087,412454
2015-08-23,1870,2015-08-23,50957,414324
2015-08-24,2433,2015-08-24,53390,416757
2015-08-25,2593,2015-08-25,55983,419350
2015-08-26,2523,2015-08-26,58506,421873
2015-08-27,2463,2015-08-27,60969,424336
2015-08-28,1564,2015-08-28,62533,425900
2015-08-29,637,2015-08-29,63170,426537
2015-08-30,1505,2015-08-30,64675,428042
2015-08-31,1285,2015-08-31,65960,429327
2015-09-01,1896,2015-09-01,1896,431223
2015-09-02,1557,2015-09-02,3453,432780
2015-09-03,1604,2015-09-03,5057,434384
2015-09-04,1852,2015-09-04,6909,436236
2015-09-05,1625,2015-09-05,8534,437861
2015-09-06,993,2015-09-06,9527,438854
2015-09-07,1737,2015-09-07,11264,440591
2015-09-08,2096,2015-09-08,13360,442687
2015-09-09,2477,2015-09-09,15837,445164
2015-09-10,2560,2015-09-10,18397,447724
2015-09-11,2165,2015-09-11,20562,449889
2015-09-12,1638,2015-09-12,22200,451527
2015-09-13,1465,2015-09-13,23665,452992
2015-09-14,1937,2015-09-14,25602,454929
2015-09-15,2241,2015-09-15,27843,457170
2015-09-16,2120,2015-09-16,29963,459290
2015-09-17,1863,2015-09-17,31826,461153
2015-09-18,1569,2015-09-18,33395,462722
2015-09-19,970,2015-09-19,34365,463692
2015-09-20,681,2015-09-20,35046,464373
2015-09-21,2047,2015-09-21,37093,466420
2015-09-22,2374,2015-09-22,39467,468794
2015-09-23,2241,2015-09-23,41708,471035
2015-09-24,1666,2015-09-24,43374,472701
2015-09-25,1442,2015-09-25,44816,474143
2015-09-26,1407,2015-09-26,46223,475550
2015-09-27,1410,2015-09-27,47633,476960
2015-09-28,2059,2015-09-28,49692,479019
2015-09-29,2287,2015-09-29,51979,481306
2015-09-30,2174,2015-09-30,54153,483480
2015-10-01,2060,2015-10-01,2060,485540
2015-10-02,1776,2015-10-02,3836,487316
2015-10-03,1604,2015-10-03,5440,488920
2015-10-04,1488,2015-10-04,6928,490408
2015-10-05,2014,2015-10-05,8942,492422
2015-10-06,2050,2015-10-06,10992,494472
2015-10-07,1222,2015-10-07,12214,495694
2015-10-08,1605,2015-10-08,13819,497299
2015-10-09,1565,2015-10-09,15384,498864
2015-10-10,596,2015-10-10,15980,499460
2015-10-11,1032,2015-10-11,17012,500492
2015-10-12,365,2015-10-12,17377,500857
2015-10-13,1844,2015-10-13,19221,502701
2015-10-14,2098,2015-10-14,21319,504799
2015-10-15,2056,2015-10-15,23375,506855
2015-10-16,2111,2015-10-16,25486,508966
2015-10-17,1013,2015-10-17,26499,509979
2015-10-18,1093,2015-10-18,27592,511072
2015-10-19,1538,2015-10-19,29130,512610
2015-10-20,2014,2015-10-20,31144,514624
2015-10-21,1664,2015-10-21,32808,516288
2015-10-22,1793,2015-10-22,34601,518081
2015-10-23,1697,2015-10-23,36298,519778
2015-10-24,957,2015-10-24,37255,520735
2015-10-25,805,2015-10-25,38060,521540
2015-10-26,1600,2015-10-26,39660,523140
2015-10-27,2112,2015-10-27,41772,525252
2015-10-28,1268,2015-10-28,43040,526520
2015-10-29,1463,2015-10-29,44503,527983
2015-10-30,1125,2015-10-30,45628,529108
2015-10-31,302,2015-10-31,45930,529410
2015-11-01,401,2015-11-01,401,529811
2015-11-02,1840,2015-11-02,2241,531651
2015-11-03,1983,2015-11-03,4224,533634
2015-11-04,1776,2015-11-04,6000,535410
2015-11-05,1740,2015-11-05,7740,537150
2015-11-06,1286,2015-11-06,9026,538436
2015-11-07,392,2015-11-07,9418,538828
2015-11-08,735,2015-11-08,10153,539563
2015-11-09,1692,2015-11-09,11845,541255
2015-11-10,1577,2015-11-10,13422,542832
2015-11-11,996,2015-11-11,14418,543828
2015-11-12,1108,2015-11-12,15526,544936
2015-11-13,929,2015-11-13,16455,545865
2015-11-14,441,2015-11-14,16896,546306
2015-11-15,806,2015-11-15,17702,547112
2015-11-16,1205,2015-11-16,18907,548317
2015-11-17,703,2015-11-17,19610,549020
2015-11-18,1456,2015-11-18,21066,550476
2015-11-19,1603,2015-11-19,22669,552079
2015-11-20,1375,2015-11-20,24044,553454
2015-11-21,922,2015-11-21,24966,554376
2015-11-22,869,2015-11-22,25835,555245
2015-11-23,1170,2015-11-23,27005,556415
2015-11-24,1330,2015-11-24,28335,557745
2015-11-25,1443,2015-11-25,29778,559188
2015-11-26,1425,2015-11-26,31203,560613
2015-11-27,1151,2015-11-27,32354,561764
2015-11-28,620,2015-11-28,32974,562384
2015-11-29,516,2015-11-29,33490,562900
2015-11-30,1140,2015-11-30,34630,564040
2015-12-01,1269,2015-12-01,1269,565309
2015-12-02,1332,2015-12-02,2601,566641
2015-12-03,957,2015-12-03,3558,567598
2015-12-04,1149,2015-12-04,4707,568747
2015-12-05,223,2015-12-05,4930,568970
2015-12-06,595,2015-12-06,5525,569565
2015-12-07,1122,2015-12-07,6647,570687
2015-12-08,976,2015-12-08,7623,571663
2015-12-09,985,2015-12-09,8608,572648
2015-12-10,868,2015-12-10,9476,573516
2015-12-11,1294,2015-12-11,10770,574810
2015-12-12,298,2015-12-12,11068,575108
2015-12-13,250,2015-12-13,11318,575358
2015-12-14,1299,2015-12-14,12617,576657
2015-12-15,1206,2015-12-15,13823,577863
2015-12-16,1345,2015-12-16,15168,579208
2015-12-17,833,2015-12-17,16001,580041
2015-12-18,936,2015-12-18,16937,580977
2015-12-19,532,2015-12-19,17469,581509
2015-12-20,473,2015-12-20,17942,581982
2015-12-21,735,2015-12-21,18677,582717
2015-12-22,799,2015-12-22,19476,583516
2015-12-23,547,2015-12-23,20023,584063
2015-12-24,543,2015-12-24,20566,584606
2015-12-25,266,2015-12-25,20832,584872
2015-12-26,330,2015-12-26,21162,585202
2015-12-27,195,2015-12-27,21357,585397
2015-12-28,560,2015-12-28,21917,585957
2015-12-29,810,2015-12-29,22727,586767
2015-12-30,835,2015-12-30,23562,587602
2015-12-31,694,2015-12-31,24256,588296
2016-01-01,394,2016-01-01,394,394
2016-01-02,416,2016-01-02,810,810
2016-01-03,376,2016-01-03,1186,1186
2016-01-04,974,2016-01-04,2160,2160
2016-01-05,964,2016-01-05,3124,3124
2016-01-06,1347,2016-01-06,4471,4471
2016-01-07,1277,2016-01-07,5748,5748
2016-01-08,1258,2016-01-08,7006,7006
2016-01-09,921,2016-01-09,7927,7927
2016-01-10,896,2016-01-10,8823,8823
2016-01-11,1191,2016-01-11,10014,10014
2016-01-12,1167,2016-01-12,11181,11181
2016-01-13,1381,2016-01-13,12562,12562
2016-01-14,1440,2016-01-14,14002,14002
2016-01-15,1200,2016-01-15,15202,15202
2016-01-16,594,2016-01-16,15796,15796
2016-01-17,493,2016-01-17,16289,16289
2016-01-18,1402,2016-01-18,17691,17691
2016-01-19,1362,2016-01-19,19053,19053
2016-01-20,1425,2016-01-20,20478,20478
2016-01-21,884,2016-01-21,21362,21362
2016-01-22,1212,2016-01-22,22574,22574
2016-01-23,862,2016-01-23,23436,23436
2016-01-24,812,2016-01-24,24248,24248
2016-01-25,1485,2016-01-25,25733,25733
2016-01-26,1134,2016-01-26,26867,26867
2016-01-27,1356,2016-01-27,28223,28223
2016-01-28,1281,2016-01-28,29504,29504
2016-01-29,1026,2016-01-29,30530,30530
2016-01-30,596,2016-01-30,31126,31126
2016-01-31,502,2016-01-31,31628,31628
2016-02-01,1326,2016-02-01,1326,32954
2016-02-02,1391,2016-02-02,2717,34345
2016-02-03,1228,2016-02-03,3945,35573
2016-02-04,1267,2016-02-04,5212,36840
2016-02-05,1136,2016-02-05,6348,37976
2016-02-06,760,2016-02-06,7108,38736
2016-02-07,696,2016-02-07,7804,39432
2016-02-08,1326,2016-02-08,9130,40758
2016-02-09,1789,2016-02-09,10919,42547
2016-02-10,1288,2016-02-10,12207,43835
2016-02-11,1192,2016-02-11,13399,45027
2016-02-12,1153,2016-02-12,14552,46180
2016-02-13,481,2016-02-13,15033,46661
2016-02-14,477,2016-02-14,15510,47138
2016-02-15,763,2016-02-15,16273,47901
2016-02-16,1621,2016-02-16,17894,49522
2016-02-17,1111,2016-02-17,19005,50633
2016-02-18,1520,2016-02-18,20525,52153
2016-02-19,1074,2016-02-19,21599,53227
2016-02-20,1165,2016-02-20,22764,54392
2016-02-21,622,2016-02-21,23386,55014
2016-02-22,1382,2016-02-22,24768,56396
2016-02-23,1690,2016-02-23,26458,58086
2016-02-24,1708,2016-02-24,28166,59794
2016-02-25,1767,2016-02-25,29933,61561
2016-02-26,1264,2016-02-26,31197,62825
2016-02-27,954,2016-02-27,32151,63779
2016-02-28,548,2016-02-28,32699,64327
2016-02-29,1494,2016-02-29,34193,65821
2016-03-01,965,2016-03-01,965,66786
2016-03-02,1464,2016-03-02,2429,68250
2016-03-03,1552,2016-03-03,3981,69802
2016-03-04,1233,2016-03-04,5214,71035
2016-03-05,1355,2016-03-05,6569,72390
2016-03-06,922,2016-03-06,7491,73312
2016-03-07,1203,2016-03-07,8694,74515
2016-03-08,1610,2016-03-08,10304,76125
2016-03-09,1184,2016-03-09,11488,77309
2016-03-10,1185,2016-03-10,12673,78494
2016-03-11,1417,2016-03-11,14090,79911
2016-03-12,853,2016-03-12,14943,80764
2016-03-13,269,2016-03-13,15212,81033
2016-03-14,1027,2016-03-14,16239,82060
2016-03-15,1576,2016-03-15,17815,83636
2016-03-16,1770,2016-03-16,19585,85406
2016-03-17,1770,2016-03-17,21355,87176
2016-03-18,1624,2016-03-18,22979,88800
2016-03-19,1097,2016-03-19,24076,89897
2016-03-20,728,2016-03-20,24804,90625
2016-03-21,1311,2016-03-21,26115,91936
2016-03-22,1796,2016-03-22,27911,93732
2016-03-23,1251,2016-03-23,29162,94983
2016-03-24,1161,2016-03-24,30323,96144
2016-03-25,1538,2016-03-25,31861,97682
2016-03-26,1383,2016-03-26,33244,99065
2016-03-27,797,2016-03-27,34041,99862
2016-03-28,1612,2016-03-28,35653,101474
2016-03-29,2183,2016-03-29,37836,103657
2016-03-30,2396,2016-03-30,40232,106053
2016-03-31,2256,2016-03-31,42488,108309
2016-04-01,2172,2016-04-01,2172,110481
2016-04-02,1799,2016-04-02,3971,112280
2016-04-03,1439,2016-04-03,5410,113719
2016-04-04,1720,2016-04-04,7130,115439
2016-04-05,1606,2016-04-05,8736,117045
2016-04-06,2238,2016-04-06,10974,119283
2016-04-07,2452,2016-04-07,13426,121735
2016-04-08,2338,2016-04-08,15764,124073
2016-04-09,1653,2016-04-09,17417,125726
2016-04-10,1378,2016-04-10,18795,127104
2016-04-11,2037,2016-04-11,20832,129141
2016-04-12,1725,2016-04-12,22557,130866
2016-04-13,1931,2016-04-13,24488,132797
2016-04-14,1864,2016-04-14,26352,134661
2016-04-15,1950,2016-04-15,28302,136611
2016-04-16,1421,2016-04-16,29723,138032
2016-04-17,1793,2016-04-17,31516,139825
2016-04-18,2580,2016-04-18,34096,142405
2016-04-19,2706,2016-04-19,36802,145111
2016-04-20,2704,2016-04-20,39506,147815
2016-04-21,2375,2016-04-21,41881,150190
2016-04-22,1557,2016-04-22,43438,151747
2016-04-23,1506,2016-04-23,44944,153253
2016-04-24,1125,2016-04-24,46069,154378
2016-04-25,2325,2016-04-25,48394,156703
2016-04-26,2319,2016-04-26,50713,159022
2016-04-27,2289,2016-04-27,53002,161311
2016-04-28,2323,2016-04-28,55325,163634
2016-04-29,1983,2016-04-29,57308,165617
2016-04-30,1647,2016-04-30,58955,167264
2016-05-01,1981,2016-05-01,1981,169245
2016-05-02,2750,2016-05-02,4731,171995
2016-05-03,2265,2016-05-03,6996,174260
2016-05-04,2002,2016-05-04,8998,176262
2016-05-05,2598,2016-05-05,11596,178860
2016-05-06,2532,2016-05-06,14128,181392
2016-05-07,1889,2016-05-07,16017,183281
2016-05-08,1253,2016-05-08,17270,184534
2016-05-09,2643,2016-05-09,19913,187177
2016-05-10,2853,2016-05-10,22766,190030
2016-05-11,2760,2016-05-11,25526,192790
2016-05-12,2813,2016-05-12,28339,195603
2016-05-13,2590,2016-05-13,30929,198193
2016-05-14,1598,2016-05-14,32527,199791
2016-05-15,1287,2016-05-15,33814,201078
2016-05-16,2280,2016-05-16,36094,203358
2016-05-17,2639,2016-05-17,38733,205997
2016-05-18,2322,2016-05-18,41055,208319
2016-05-19,2068,2016-05-19,43123,210387
2016-05-20,2006,2016-05-20,45129,212393
2016-05-21,1583,2016-05-21,46712,213976
2016-05-22,1700,2016-05-22,48412,215676
2016-05-23,1522,2016-05-23,49934,217198
2016-05-24,2119,2016-05-24,52053,219317
2016-05-25,2731,2016-05-25,54784,222048
2016-05-26,2311,2016-05-26,57095,224359
2016-05-27,1838,2016-05-27,58933,226197
2016-05-28,699,2016-05-28,59632,226896
2016-05-29,1670,2016-05-29,61302,228566
2016-05-30,3412,2016-05-30,64714,231978
2016-05-31,3105,2016-05-31,67819,235083
2016-06-01,2714,2016-06-01,2714,237797
2016-06-02,2439,2016-06-02,5153,240236
2016-06-03,2898,2016-06-03,8051,243134
2016-06-04,1820,2016-06-04,9871,244954
2016-06-05,2104,2016-06-05,11975,247058
2016-06-06,2839,2016-06-06,14814,249897
2016-06-07,2836,2016-06-07,17650,252733
2016-06-08,2295,2016-06-08,19945,255028
2016-06-09,2394,2016-06-09,22339,257422
2016-06-10,2091,2016-06-10,24430,259513
2016-06-11,1421,2016-06-11,25851,260934
2016-06-12,1759,2016-06-12,27610,262693
2016-06-13,2053,2016-06-13,29663,264746
2016-06-14,2026,2016-06-14,31689,266772
2016-06-15,2339,2016-06-15,34028,269111
2016-06-16,2460,2016-06-16,36488,271571
2016-06-17,2368,2016-06-17,38856,273939
2016-06-18,1070,2016-06-18,39926,275009
2016-06-19,2471,2016-06-19,42397,277480
2016-06-20,2596,2016-06-20,44993,280076
2016-06-21,2697,2016-06-21,47690,282773
2016-06-22,2410,2016-06-22,50100,285183
2016-06-23,1542,2016-06-23,51642,286725
2016-06-24,2073,2016-06-24,53715,288798
2016-06-25,1933,2016-06-25,55648,290731
2016-06-26,1996,2016-06-26,57644,292727
2016-06-27,2728,2016-06-27,60372,295455
2016-06-28,2876,2016-06-28,63248,298331
2016-06-29,2876,2016-06-29,66124,301207
2016-06-30,2497,2016-06-30,68621,303704
2016-07-01,1856,2016-07-01,1856,305560
2016-07-02,1978,2016-07-02,3834,307538
2016-07-03,1829,2016-07-03,5663,309367
2016-07-04,2310,2016-07-04,7973,311677
2016-07-05,2477,2016-07-05,10450,314154
2016-07-06,2900,2016-07-06,13350,317054
2016-07-07,1557,2016-07-07,14907,318611
2016-07-08,1899,2016-07-08,16806,320510
2016-07-09,1638,2016-07-09,18444,322148
2016-07-10,2146,2016-07-10,20590,324294
2016-07-11,2465,2016-07-11,23055,326759
2016-07-12,2585,2016-07-12,25640,329344
2016-07-13,2791,2016-07-13,28431,332135
2016-07-14,2718,2016-07-14,31149,334853
2016-07-15,2601,2016-07-15,33750,337454
2016-07-16,1798,2016-07-16,35548,339252
2016-07-17,2044,2016-07-17,37592,341296
2016-07-18,2424,2016-07-18,40016,343720
2016-07-19,2525,2016-07-19,42541,346245
2016-07-20,2797,2016-07-20,45338,349042
2016-07-21,2896,2016-07-21,48234,351938
2016-07-22,2122,2016-07-22,50356,354060
2016-07-23,1923,2016-07-23,52279,355983
2016-07-24,2397,2016-07-24,54676,358380
2016-07-25,2551,2016-07-25,57227,360931
2016-07-26,2830,2016-07-26,60057,363761
2016-07-27,2949,2016-07-27,63006,366710
2016-07-28,2638,2016-07-28,65644,369348
2016-07-29,2448,2016-07-29,68092,371796
2016-07-30,1770,2016-07-30,69862,373566
2016-07-31,1947,2016-07-31,71809,375513
2016-08-01,1907,2016-08-01,1907,377420
2016-08-02,2160,2016-08-02,4067,379580
2016-08-03,2682,2016-08-03,6749,382262
2016-08-04,2725,2016-08-04,9474,384987
2016-08-05,2503,2016-08-05,11977,387490
2016-08-06,1847,2016-08-06,13824,389337
2016-08-07,1525,2016-08-07,15349,390862
2016-08-08,2535,2016-08-08,17884,393397
2016-08-09,2424,2016-08-09,20308,395821
2016-08-10,2410,2016-08-10,22718,398231
2016-08-11,2742,2016-08-11,25460,400973
2016-08-12,2540,2016-08-12,28000,403513
2016-08-13,1993,2016-08-13,29993,405506
2016-08-14,1996,2016-08-14,31989,407502
2016-08-15,2722,2016-08-15,34711,410224
2016-08-16,2865,2016-08-16,37576,413089
2016-08-17,2488,2016-08-17,40064,415577
2016-08-18,2610,2016-08-18,42674,418187
2016-08-19,2474,2016-08-19,45148,420661
2016-08-20,1694,2016-08-20,46842,422355
2016-08-21,1553,2016-08-21,48395,423908
2016-08-22,2653,2016-08-22,51048,426561
2016-08-23,2838,2016-08-23,53886,429399
2016-08-24,2684,2016-08-24,56570,432083
2016-08-25,2655,2016-08-25,59225,434738
2016-08-26,2314,2016-08-26,61539,437052
2016-08-27,1751,2016-08-27,63290,438803
2016-08-28,956,2016-08-28,64246,439759
2016-08-29,2516,2016-08-29,66762,442275
2016-08-30,2570,2016-08-30,69332,444845
2016-08-31,1605,2016-08-31,70937,446450
2016-09-01,1822,2016-09-01,1822,448272
2016-09-02,1343,2016-09-02,3165,449615
2016-09-03,1666,2016-09-03,4831,451281
2016-09-04,1923,2016-09-04,6754,453204
2016-09-05,1175,2016-09-05,7929,454379
2016-09-06,1820,2016-09-06,9749,456199
2016-09-07,2170,2016-09-07,11919,458369
2016-09-08,2413,2016-09-08,14332,460782
2016-09-09,2289,2016-09-09,16621,463071
2016-09-10,1809,2016-09-10,18430,464880
2016-09-11,1800,2016-09-11,20230,466680
2016-09-12,2586,2016-09-12,22816,469266
2016-09-13,2687,2016-09-13,25503,471953
2016-09-14,2664,2016-09-14,28167,474617
2016-09-15,2521,2016-09-15,30688,477138
2016-09-16,2004,2016-09-16,32692,479142
2016-09-17,546,2016-09-17,33238,479688
2016-09-18,1482,2016-09-18,34720,481170
2016-09-19,1510,2016-09-19,36230,482680
2016-09-20,2302,2016-09-20,38532,484982
2016-09-21,2557,2016-09-21,41089,487539
2016-09-22,2446,2016-09-22,43535,489985
2016-09-23,1425,2016-09-23,44960,491410
2016-09-24,1439,2016-09-24,46399,492849
2016-09-25,1257,2016-09-25,47656,494106
2016-09-26,2297,2016-09-26,49953,496403
2016-09-27,2398,2016-09-27,52351,498801
2016-09-28,2400,2016-09-28,54751,501201
2016-09-29,2215,2016-09-29,56966,503416
2016-09-30,1958,2016-09-30,58924,505374
2016-10-01,854,2016-10-01,854,506228
2016-10-02,1011,2016-10-02,1865,507239
2016-10-03,1873,2016-10-03,3738,509112
2016-10-04,1725,2016-10-04,5463,510837
2016-10-05,2027,2016-10-05,7490,512864
2016-10-06,1560,2016-10-06,9050,514424
2016-10-07,1195,2016-10-07,10245,515619
2016-10-08,338,2016-10-08,10583,515957
2016-10-09,970,2016-10-09,11553,516927
2016-10-10,1037,2016-10-10,12590,517964
2016-10-11,2068,2016-10-11,14658,520032
2016-10-12,1925,2016-10-12,16583,521957
2016-10-13,986,2016-10-13,17569,522943
2016-10-14,721,2016-10-14,18290,523664
2016-10-15,226,2016-10-15,18516,523890
2016-10-16,591,2016-10-16,19107,524481
2016-10-17,1565,2016-10-17,20672,526046
2016-10-18,1711,2016-10-18,22383,527757
2016-10-19,1607,2016-10-19,23990,529364
2016-10-20,1494,2016-10-20,25484,530858
2016-10-21,1428,2016-10-21,26912,532286
2016-10-22,836,2016-10-22,27748,533122
2016-10-23,1141,2016-10-23,28889,534263
2016-10-24,1654,2016-10-24,30543,535917
2016-10-25,1902,2016-10-25,32445,537819
2016-10-26,1195,2016-10-26,33640,539014
2016-10-27,1465,2016-10-27,35105,540479
2016-10-28,1674,2016-10-28,36779,542153
2016-10-29,719,2016-10-29,37498,542872
2016-10-30,874,2016-10-30,38372,543746
2016-10-31,1279,2016-10-31,39651,545025
2016-11-01,1548,2016-11-01,1548,546573
2016-11-02,1080,2016-11-02,2628,547653
2016-11-03,1979,2016-11-03,4607,549632
2016-11-04,1544,2016-11-04,6151,551176
2016-11-05,423,2016-11-05,6574,551599
2016-11-06,1045,2016-11-06,7619,552644
2016-11-07,1510,2016-11-07,9129,554154
2016-11-08,2094,2016-11-08,11223,556248
2016-11-09,1530,2016-11-09,12753,557778
2016-11-10,1680,2016-11-10,14433,559458
2016-11-11,674,2016-11-11,15107,560132
2016-11-12,556,2016-11-12,15663,560688
2016-11-13,411,2016-11-13,16074,561099
2016-11-14,1675,2016-11-14,17749,562774
2016-11-15,1492,2016-11-15,19241,564266
2016-11-16,1623,2016-11-16,20864,565889
2016-11-17,1678,2016-11-17,22542,567567
2016-11-18,1381,2016-11-18,23923,568948
2016-11-19,819,2016-11-19,24742,569767
2016-11-20,734,2016-11-20,25476,570501
2016-11-21,1715,2016-11-21,27191,572216
2016-11-22,1134,2016-11-22,28325,573350
2016-11-23,1589,2016-11-23,29914,574939
2016-11-24,1235,2016-11-24,31149,576174
2016-11-25,1341,2016-11-25,32490,577515
2016-11-26,394,2016-11-26,32884,577909
2016-11-27,357,2016-11-27,33241,578266
2016-11-28,1594,2016-11-28,34835,579860
2016-11-29,1497,2016-11-29,36332,581357
2016-11-30,1254,2016-11-30,37586,582611
2016-12-01,1330,2016-12-01,1330,583941
2016-12-02,1032,2016-12-02,2362,584973
2016-12-03,504,2016-12-03,2866,585477
2016-12-04,695,2016-12-04,3561,586172
2016-12-05,984,2016-12-05,4545,587156
2016-12-06,273,2016-12-06,4818,587429
2016-12-07,441,2016-12-07,5259,587870
2016-12-08,478,2016-12-08,5737,588348
2016-12-09,121,2016-12-09,5858,588469
2016-12-10,231,2016-12-10,6089,588700
2016-12-11,281,2016-12-11,6370,588981
2016-12-12,537,2016-12-12,6907,589518
2016-12-13,823,2016-12-13,7730,590341
2016-12-14,849,2016-12-14,8579,591190
2016-12-15,832,2016-12-15,9411,592022
2016-12-16,731,2016-12-16,10142,592753
2016-12-17,136,2016-12-17,10278,592889
2016-12-18,202,2016-12-18,10480,593091
2016-12-19,934,2016-12-19,11414,594025
2016-12-20,745,2016-12-20,12159,594770
2016-12-21,1103,2016-12-21,13262,595873
2016-12-22,865,2016-12-22,14127,596738
2016-12-23,451,2016-12-23,14578,597189
2016-12-24,355,2016-12-24,14933,597544
2016-12-25,163,2016-12-25,15096,597707
2016-12-26,239,2016-12-26,15335,597946
2016-12-27,326,2016-12-27,15661,598272
2016-12-28,756,2016-12-28,16417,599028
2016-12-29,421,2016-12-29,16838,599449
2016-12-30,728,2016-12-30,17566,600177
2016-12-31,230,2016-12-31,17796,600407
2017-01-01,98,2017-01-01,98,98
2017-01-02,173,2017-01-02,271,271
2017-01-03,642,2017-01-03,913,913
2017-01-04,794,2017-01-04,1707,1707
2017-01-05,944,2017-01-05,2651,2651
2017-01-06,845,2017-01-06,3496,3496
2017-01-07,453,2017-01-07,3949,3949
2017-01-08,285,2017-01-08,4234,4234
2017-01-09,923,2017-01-09,5157,5157
2017-01-10,589,2017-01-10,5746,5746
2017-01-11,782,2017-01-11,6528,6528
2017-01-12,883,2017-01-12,7411,7411
2017-01-13,832,2017-01-13,8243,8243
2017-01-14,495,2017-01-14,8738,8738
2017-01-15,584,2017-01-15,9322,9322
2017-01-16,1193,2017-01-16,10515,10515
2017-01-17,1137,2017-01-17,11652,11652
2017-01-18,1026,2017-01-18,12678,12678
2017-01-19,1101,2017-01-19,13779,13779
2017-01-20,1220,2017-01-20,14999,14999
2017-01-21,849,2017-01-21,15848,15848
2017-01-22,533,2017-01-22,16381,16381
2017-01-23,1431,2017-01-23,17812,17812
2017-01-24,1257,2017-01-24,19069,19069
2017-01-25,1347,2017-01-25,20416,20416
2017-01-26,1303,2017-01-26,21719,21719
2017-01-27,1232,2017-01-27,22951,22951
2017-01-28,826,2017-01-28,23777,23777
2017-01-29,452,2017-01-29,24229,24229
2017-01-30,1280,2017-01-30,25509,25509
2017-01-31,1426,2017-01-31,26935,26935
2017-02-01,1201,2017-02-01,1201,28136
2017-02-02,1282,2017-02-02,2483,29418
2017-02-03,408,2017-02-03,2891,29826
2017-02-04,259,2017-02-04,3150,30085
2017-02-05,380,2017-02-05,3530,30465
2017-02-06,180,2017-02-06,3710,30645
2017-02-07,174,2017-02-07,3884,30819
2017-02-08,150,2017-02-08,4034,30969
2017-02-09,199,2017-02-09,4233,31168
2017-02-10,537,2017-02-10,4770,31705
2017-02-11,651,2017-02-11,5421,32356
2017-02-12,848,2017-02-12,6269,33204
2017-02-13,1078,2017-02-13,7347,34282
2017-02-14,1251,2017-02-14,8598,35533
2017-02-15,1073,2017-02-15,9671,36606
2017-02-16,1324,2017-02-16,10995,37930
2017-02-17,1372,2017-02-17,12367,39302
2017-02-18,592,2017-02-18,12959,39894
2017-02-19,743,2017-02-19,13702,40637
2017-02-20,1356,2017-02-20,15058,41993
2017-02-21,1721,2017-02-21,16779,43714
2017-02-22,1456,2017-02-22,18235,45170
2017-02-23,1412,2017-02-23,19647,46582
2017-02-24,1044,2017-02-24,20691,47626
2017-02-25,706,2017-02-25,21397,48332
2017-02-26,495,2017-02-26,21892,48827
2017-02-27,831,2017-02-27,22723,49658
2017-02-28,947,2017-02-28,23670,50605
2017-03-01,1223,2017-03-01,1223,51828
2017-03-02,1274,2017-03-02,2497,53102
2017-03-03,963,2017-03-03,3460,54065
2017-03-04,753,2017-03-04,4213,54818
2017-03-05,436,2017-03-05,4649,55254
2017-03-06,1005,2017-03-06,5654,56259
2017-03-07,1109,2017-03-07,6763,57368
2017-03-08,1164,2017-03-08,7927,58532
2017-03-09,1012,2017-03-09,8939,59544
2017-03-10,1299,2017-03-10,10238,60843
2017-03-11,437,2017-03-11,10675,61280
2017-03-12,628,2017-03-12,11303,61908
2017-03-13,1088,2017-03-13,12391,62996
2017-03-14,1495,2017-03-14,13886,64491
2017-03-15,1519,2017-03-15,15405,66010
2017-03-16,1581,2017-03-16,16986,67591
2017-03-17,1197,2017-03-17,18183,68788
2017-03-18,844,2017-03-18,19027,69632
2017-03-19,1285,2017-03-19,20312,70917
2017-03-20,1421,2017-03-20,21733,72338
2017-03-21,1303,2017-03-21,23036,73641
2017-03-22,1499,2017-03-22,24535,75140
2017-03-23,1487,2017-03-23,26022,76627
2017-03-24,1363,2017-03-24,27385,77990
2017-03-25,1230,2017-03-25,28615,79220
2017-03-26,419,2017-03-26,29034,79639
2017-03-27,1588,2017-03-27,30622,81227
2017-03-28,934,2017-03-28,31556,82161
2017-03-29,1259,2017-03-29,32815,83420
2017-03-30,1925,2017-03-30,34740,85345
2017-03-31,1634,2017-03-31,36374,86979
2017-04-01,1029,2017-04-01,1029,88008
2017-04-02,1328,2017-04-02,2357,89336
2017-04-03,2020,2017-04-03,4377,91356
2017-04-04,1781,2017-04-04,6158,93137
2017-04-05,1366,2017-04-05,7524,94503
2017-04-06,1696,2017-04-06,9220,96199
2017-04-07,1184,2017-04-07,10404,97383
2017-04-08,788,2017-04-08,11192,98171
2017-04-09,1211,2017-04-09,12403,99382
2017-04-10,1780,2017-04-10,14183,101162
2017-04-11,2111,2017-04-11,16294,103273
2017-04-12,1270,2017-04-12,17564,104543
2017-04-13,1633,2017-04-13,19197,106176
2017-04-14,1337,2017-04-14,20534,107513
2017-04-15,1292,2017-04-15,21826,108805
2017-04-16,1377,2017-04-16,23203,110182
2017-04-17,1377,2017-04-17,24580,111559
2017-04-18,1926,2017-04-18,26506,113485
2017-04-19,1815,2017-04-19,28321,115300
2017-04-20,1979,2017-04-20,30300,117279
2017-04-21,2150,2017-04-21,32450,119429
2017-04-22,947,2017-04-22,33397,120376
2017-04-23,1087,2017-04-23,34484,121463
2017-04-24,2099,2017-04-24,36583,123562
2017-04-25,1937,2017-04-25,38520,125499
2017-04-26,1963,2017-04-26,40483,127462
2017-04-27,1917,2017-04-27,42400,129379
2017-04-28,2071,2017-04-28,44471,131450
2017-04-29,702,2017-04-29,45173,132152
2017-04-30,1473,2017-04-30,46646,133625
2017-05-01,1626,2017-05-01,1626,135251
2017-05-02,2303,2017-05-02,3929,137554
2017-05-03,1855,2017-05-03,5784,139409
2017-05-04,2757,2017-05-04,8541,142166
2017-05-05,1643,2017-05-05,10184,143809
2017-05-06,1515,2017-05-06,11699,145324
2017-05-07,1816,2017-05-07,13515,147140
2017-05-08,2275,2017-05-08,15790,149415
2017-05-09,2616,2017-05-09,18406,152031
2017-05-10,2381,2017-05-10,20787,154412
2017-05-11,1582,2017-05-11,22369,155994
2017-05-12,1990,2017-05-12,24359,157984
2017-05-13,1221,2017-05-13,25580,159205
2017-05-14,1166,2017-05-14,26746,160371
2017-05-15,1486,2017-05-15,28232,161857
2017-05-16,2155,2017-05-16,30387,164012
2017-05-17,2387,2017-05-17,32774,166399
2017-05-18,2351,2017-05-18,35125,168750
2017-05-19,2242,2017-05-19,37367,170992
2017-05-20,2052,2017-05-20,39419,173044
2017-05-21,2033,2017-05-21,41452,175077
2017-05-22,2290,2017-05-22,43742,177367
2017-05-23,2390,2017-05-23,46132,179757
2017-05-24,2413,2017-05-24,48545,182170
2017-05-25,2803,2017-05-25,51348,184973
2017-05-26,2623,2017-05-26,53971,187596
2017-05-27,2121,2017-05-27,56092,189717
2017-05-28,2262,2017-05-28,58354,191979
2017-05-29,3869,2017-05-29,62223,195848
2017-05-30,1960,2017-05-30,64183,197808
2017-05-31,2804,2017-05-31,66987,200612
2017-06-01,2672,2017-06-01,2672,203284
2017-06-02,2508,2017-06-02,5180,205792
2017-06-03,1725,2017-06-03,6905,207517
2017-06-04,2250,2017-06-04,9155,209767
2017-06-05,2948,2017-06-05,12103,212715
2017-06-06,3219,2017-06-06,15322,215934
2017-06-07,2954,2017-06-07,18276,218888
2017-06-08,1343,2017-06-08,19619,220231
2017-06-09,2448,2017-06-09,22067,222679
2017-06-10,1518,2017-06-10,23585,224197
2017-06-11,2022,2017-06-11,25607,226219
2017-06-12,2665,2017-06-12,28272,228884
2017-06-13,2685,2017-06-13,30957,231569
2017-06-14,2485,2017-06-14,33442,234054
2017-06-15,1333,2017-06-15,34775,235387
2017-06-16,2434,2017-06-16,37209,237821
2017-06-17,1530,2017-06-17,38739,239351
2017-06-18,982,2017-06-18,39721,240333
2017-06-19,2428,2017-06-19,42149,242761
2017-06-20,2844,2017-06-20,44993,245605
2017-06-21,3011,2017-06-21,48004,248616
2017-06-22,3127,2017-06-22,51131,251743
2017-06-23,2784,2017-06-23,53915,254527
2017-06-24,2202,2017-06-24,56117,256729
2017-06-25,1982,2017-06-25,58099,258711
2017-06-26,2976,2017-06-26,61075,261687
2017-06-27,3039,2017-06-27,64114,264726
2017-06-28,3023,2017-06-28,67137,267749
2017-06-29,2949,2017-06-29,70086,270698
2017-06-30,2959,2017-06-30,73045,273657
2017-07-01,3222,2017-07-01,3222,276879
2017-07-02,2082,2017-07-02,5304,278961
2017-07-03,2049,2017-07-03,7353,281010
2017-07-04,2898,2017-07-04,10251,283908
2017-07-05,3186,2017-07-05,13437,287094
2017-07-06,3154,2017-07-06,16591,290248
2017-07-07,2575,2017-07-07,19166,292823
2017-07-08,2133,2017-07-08,21299,294956
2017-07-09,2007,2017-07-09,23306,296963
2017-07-10,2731,2017-07-10,26037,299694
2017-07-11,3179,2017-07-11,29216,302873
2017-07-12,3186,2017-07-12,32402,306059
2017-07-13,2754,2017-07-13,35156,308813
2017-07-14,2863,2017-07-14,38019,311676
2017-07-15,2161,2017-07-15,40180,313837
2017-07-16,2277,2017-07-16,42457,316114
2017-07-17,2816,2017-07-17,45273,318930
2017-07-18,3139,2017-07-18,48412,322069
2017-07-19,3082,2017-07-19,51494,325151
2017-07-20,2521,2017-07-20,54015,327672
2017-07-21,2344,2017-07-21,56359,330016
2017-07-22,1672,2017-07-22,58031,331688
2017-07-23,2023,2017-07-23,60054,333711
2017-07-24,2960,2017-07-24,63014,336671
2017-07-25,3122,2017-07-25,66136,339793
2017-07-26,2967,2017-07-26,69103,342760
2017-07-27,2874,2017-07-27,71977,345634
2017-07-28,2751,2017-07-28,74728,348385
2017-07-29,1942,2017-07-29,76670,350327
2017-07-30,2154,2017-07-30,78824,352481
2017-07-31,2825,2017-07-31,81649,355306
2017-08-01,2928,2017-08-01,2928,358234
2017-08-02,2886,2017-08-02,5814,361120
2017-08-03,2640,2017-08-03,8454,363760
2017-08-04,2396,2017-08-04,10850,366156
2017-08-05,1747,2017-08-05,12597,367903
2017-08-06,2027,2017-08-06,14624,369930
2017-08-07,1934,2017-08-07,16558,371864
2017-08-08,2688,2017-08-08,19246,374552
2017-08-09,2909,2017-08-09,22155,377461
2017-08-10,2780,2017-08-10,24935,380241
2017-08-11,2550,2017-08-11,27485,382791
2017-08-12,1593,2017-08-12,29078,384384
2017-08-13,1398,2017-08-13,30476,385782
2017-08-14,2576,2017-08-14,33052,388358
2017-08-15,3051,2017-08-15,36103,391409
2017-08-16,2698,2017-08-16,38801,394107
2017-08-17,2830,2017-08-17,41631,396937
2017-08-18,2439,2017-08-18,44070,399376
2017-08-19,1913,2017-08-19,45983,401289
2017-08-20,1963,2017-08-20,47946,403252
2017-08-21,2640,2017-08-21,50586,405892
2017-08-22,2921,2017-08-22,53507,408813
2017-08-23,2751,2017-08-23,56258,411564
2017-08-24,2684,2017-08-24,58942,414248
2017-08-25,2561,2017-08-25,61503,416809
2017-08-26,1813,2017-08-26,63316,418622
2017-08-27,1954,2017-08-27,65270,420576
2017-08-28,2806,2017-08-28,68076,423382
2017-08-29,3022,2017-08-29,71098,426404
2017-08-30,2664,2017-08-30,73762,429068
2017-08-31,2896,2017-08-31,76658,431964
2017-09-01,2629,2017-09-01,2629,434593
2017-09-02,1979,2017-09-02,4608,436572
2017-09-03,1874,2017-09-03,6482,438446
2017-09-04,1871,2017-09-04,8353,440317
2017-09-05,2358,2017-09-05,10711,442675
2017-09-06,2524,2017-09-06,13235,445199
2017-09-07,2582,2017-09-07,15817,447781
2017-09-08,2049,2017-09-08,17866,449830
2017-09-09,528,2017-09-09,18394,450358
2017-09-10,1801,2017-09-10,20195,452159
2017-09-11,2769,2017-09-11,22964,454928
2017-09-12,2812,2017-09-12,25776,457740
2017-09-13,2716,2017-09-13,28492,460456
2017-09-14,2756,2017-09-14,31248,463212
2017-09-15,2556,2017-09-15,33804,465768
2017-09-16,1755,2017-09-16,35559,467523
2017-09-17,770,2017-09-17,36329,468293
2017-09-18,1974,2017-09-18,38303,470267
2017-09-19,2082,2017-09-19,40385,472349
2017-09-20,2419,2017-09-20,42804,474768
2017-09-21,2542,2017-09-21,45346,477310
2017-09-22,2372,2017-09-22,47718,479682
2017-09-23,1580,2017-09-23,49298,481262
2017-09-24,1428,2017-09-24,50726,482690
2017-09-25,1606,2017-09-25,52332,484296
2017-09-26,2502,2017-09-26,54834,486798
2017-09-27,2710,2017-09-27,57544,489508
2017-09-28,2709,2017-09-28,60253,492217
2017-09-29,1526,2017-09-29,61779,493743
2017-09-30,868,2017-09-30,62647,494611
2017-10-01,1153,2017-10-01,1153,495764
2017-10-02,2413,2017-10-02,3566,498177
2017-10-03,2528,2017-10-03,6094,500705
2017-10-04,2508,2017-10-04,8602,503213
2017-10-05,2467,2017-10-05,11069,505680
2017-10-06,1578,2017-10-06,12647,507258
2017-10-07,917,2017-10-07,13564,508175
2017-10-08,1126,2017-10-08,14690,509301
2017-10-09,1178,2017-10-09,15868,510479
2017-10-10,1874,2017-10-10,17742,512353
2017-10-11,2045,2017-10-11,19787,514398
2017-10-12,1647,2017-10-12,21434,516045
2017-10-13,1677,2017-10-13,23111,517722
2017-10-14,778,2017-10-14,23889,518500
2017-10-15,1509,2017-10-15,25398,520009
2017-10-16,1880,2017-10-16,27278,521889
2017-10-17,1415,2017-10-17,28693,523304
2017-10-18,1086,2017-10-18,29779,524390
2017-10-19,1340,2017-10-19,31119,525730
2017-10-20,1446,2017-10-20,32565,527176
2017-10-21,252,2017-10-21,32817,527428
2017-10-22,552,2017-10-22,33369,527980
2017-10-23,1903,2017-10-23,35272,529883
2017-10-24,2303,2017-10-24,37575,532186
2017-10-25,1927,2017-10-25,39502,534113
2017-10-26,2253,2017-10-26,41755,536366
2017-10-27,2059,2017-10-27,43814,538425
2017-10-28,1438,2017-10-28,45252,539863
2017-10-29,1366,2017-10-29,46618,541229
2017-10-30,2257,2017-10-30,48875,543486
2017-10-31,2087,2017-10-31,50962,545573
2017-11-01,2082,2017-11-01,2082,547655
2017-11-02,1304,2017-11-02,3386,548959
2017-11-03,891,2017-11-03,4277,549850
2017-11-04,409,2017-11-04,4686,550259
2017-11-05,580,2017-11-05,5266,550839
2017-11-06,1640,2017-11-06,6906,552479
2017-11-07,1701,2017-11-07,8607,554180
2017-11-08,1588,2017-11-08,10195,555768
2017-11-09,1357,2017-11-09,11552,557125
2017-11-10,1552,2017-11-10,13104,558677
2017-11-11,715,2017-11-11,13819,559392
2017-11-12,372,2017-11-12,14191,559764
2017-11-13,374,2017-11-13,14565,560138
2017-11-14,1175,2017-11-14,15740,561313
2017-11-15,1605,2017-11-15,17345,562918
2017-11-16,1561,2017-11-16,18906,564479
2017-11-17,1432,2017-11-17,20338,565911
2017-11-18,807,2017-11-18,21145,566718
2017-11-19,351,2017-11-19,21496,567069
2017-11-20,1551,2017-11-20,23047,568620
2017-11-21,1059,2017-11-21,24106,569679
2017-11-22,1562,2017-11-22,25668,571241
2017-11-23,1222,2017-11-23,26890,572463
2017-11-24,1252,2017-11-24,28142,573715
2017-11-25,653,2017-11-25,28795,574368
2017-11-26,347,2017-11-26,29142,574715
2017-11-27,1617,2017-11-27,30759,576332
2017-11-28,1417,2017-11-28,32176,577749
2017-11-29,1594,2017-11-29,33770,579343
2017-11-30,1263,2017-11-30,35033,580606
2017-12-01,942,2017-12-01,942,581548
2017-12-02,452,2017-12-02,1394,582000
2017-12-03,729,2017-12-03,2123,582729
2017-12-04,1488,2017-12-04,3611,584217
2017-12-05,1567,2017-12-05,5178,585784
2017-12-06,1620,2017-12-06,6798,587404
2017-12-07,1491,2017-12-07,8289,588895
2017-12-08,1148,2017-12-08,9437,590043
2017-12-09,566,2017-12-09,10003,590609
2017-12-10,656,2017-12-10,10659,591265
2017-12-11,1387,2017-12-11,12046,592652
2017-12-12,1460,2017-12-12,13506,594112
2017-12-13,1556,2017-12-13,15062,595668
2017-12-14,1514,2017-12-14,16576,597182
2017-12-15,1102,2017-12-15,17678,598284
2017-12-16,536,2017-12-16,18214,598820
2017-12-17,305,2017-12-17,18519,599125
2017-12-18,1307,2017-12-18,19826,600432
2017-12-19,648,2017-12-19,20474,601080
2017-12-20,991,2017-12-20,21465,602071
2017-12-21,793,2017-12-21,22258,602864
2017-12-22,862,2017-12-22,23120,603726
2017-12-23,392,2017-12-23,23512,604118
2017-12-24,246,2017-12-24,23758,604364
2017-12-25,71,2017-12-25,23829,604435
2017-12-26,345,2017-12-26,24174,604780
2017-12-27,644,2017-12-27,24818,605424
2017-12-28,395,2017-12-28,25213,605819
2017-12-29,389,2017-12-29,25602,606208
2017-12-30,530,2017-12-30,26132,606738
2017-12-31,434,2017-12-31,26566,607172
2018-01-01,466,2018-01-01,466,466
2018-01-02,1153,2018-01-02,1619,1619
2018-01-03,1333,2018-01-03,2952,2952
2018-01-04,1161,2018-01-04,4113,4113
2018-01-05,875,2018-01-05,4988,4988
2018-01-06,812,2018-01-06,5800,5800
2018-01-07,235,2018-01-07,6035,6035
2018-01-08,1295,2018-01-08,7330,7330
2018-01-09,1633,2018-01-09,8963,8963
2018-01-10,1460,2018-01-10,10423,10423
2018-01-11,905,2018-01-11,11328,11328
2018-01-12,1121,2018-01-12,12449,12449
2018-01-13,474,2018-01-13,12923,12923
2018-01-14,1069,2018-01-14,13992,13992
2018-01-15,1591,2018-01-15,15583,15583
2018-01-16,1635,2018-01-16,17218,17218
2018-01-17,1218,2018-01-17,18436,18436
2018-01-18,1330,2018-01-18,19766,19766
2018-01-19,1258,2018-01-19,21024,21024
2018-01-20,700,2018-01-20,21724,21724
2018-01-21,294,2018-01-21,22018,22018
2018-01-22,1295,2018-01-22,23313,23313
2018-01-23,1027,2018-01-23,24340,24340
2018-01-24,1378,2018-01-24,25718,25718
2018-01-25,1373,2018-01-25,27091,27091
2018-01-26,1091,2018-01-26,28182,28182
2018-01-27,383,2018-01-27,28565,28565
2018-01-28,189,2018-01-28,28754,28754
2018-01-29,314,2018-01-29,29068,29068
2018-01-30,1141,2018-01-30,30209,30209
2018-01-31,1215,2018-01-31,31424,31424
2018-02-01,1008,2018-02-01,1008,32432
2018-02-02,1120,2018-02-02,2128,33552
2018-02-03,604,2018-02-03,2732,34156
2018-02-04,590,2018-02-04,3322,34746
2018-02-05,1568,2018-02-05,4890,36314
2018-02-06,1517,2018-02-06,6407,37831
2018-02-07,1418,2018-02-07,7825,39249
2018-02-08,1597,2018-02-08,9422,40846
2018-02-09,1395,2018-02-09,10817,42241
2018-02-10,982,2018-02-10,11799,43223
2018-02-11,647,2018-02-11,12446,43870
2018-02-12,995,2018-02-12,13441,44865
2018-02-13,1353,2018-02-13,14794,46218
2018-02-14,1443,2018-02-14,16237,47661
2018-02-15,1428,2018-02-15,17665,49089
2018-02-16,1133,2018-02-16,18798,50222
2018-02-17,293,2018-02-17,19091,50515
2018-02-18,225,2018-02-18,19316,50740
2018-02-19,1156,2018-02-19,20472,51896
2018-02-20,1319,2018-02-20,21791,53215
2018-02-21,880,2018-02-21,22671,54095
2018-02-22,315,2018-02-22,22986,54410
2018-02-23,409,2018-02-23,23395,54819
2018-02-24,665,2018-02-24,24060,55484
2018-02-25,378,2018-02-25,24438,55862
2018-02-26,1390,2018-02-26,25828,57252
2018-02-27,1455,2018-02-27,27283,58707
2018-02-28,1162,2018-02-28,28445,59869
2018-03-01,1510,2018-03-01,1510,61379
2018-03-02,1053,2018-03-02,2563,62432
2018-03-03,1126,2018-03-03,3689,63558
2018-03-04,928,2018-03-04,4617,64486
2018-03-05,1583,2018-03-05,6200,66069
2018-03-06,1869,2018-03-06,8069,67938
2018-03-07,1670,2018-03-07,9739,69608
2018-03-08,1313,2018-03-08,11052,70921
2018-03-09,1555,2018-03-09,12607,72476
2018-03-10,1322,2018-03-10,13929,73798
2018-03-11,1368,2018-03-11,15297,75166
2018-03-12,2051,2018-03-12,17348,77217
2018-03-13,1505,2018-03-13,18853,78722
2018-03-14,1831,2018-03-14,20684,80553
2018-03-15,2014,2018-03-15,22698,82567
2018-03-16,1911,2018-03-16,24609,84478
2018-03-17,1394,2018-03-17,26003,85872
2018-03-18,1074,2018-03-18,27077,86946
2018-03-19,1911,2018-03-19,28988,88857
2018-03-20,1886,2018-03-20,30874,90743
2018-03-21,1905,2018-03-21,32779,92648
2018-03-22,1205,2018-03-22,33984,93853
2018-03-23,1538,2018-03-23,35522,95391
2018-03-24,1271,2018-03-24,36793,96662
2018-03-25,1259,2018-03-25,38052,97921
2018-03-26,1248,2018-03-26,39300,99169
2018-03-27,1585,2018-03-27,40885,100754
2018-03-28,1821,2018-03-28,42706,102575
2018-03-29,1189,2018-03-29,43895,103764
2018-03-30,1410,2018-03-30,45305,105174
2018-03-31,2002,2018-03-31,47307,107176
2018-04-01,1221,2018-04-01,1221,108397
2018-04-02,1768,2018-04-02,2989,110165
2018-04-03,2079,2018-04-03,5068,112244
2018-04-04,1490,2018-04-04,6558,113734
2018-04-05,1158,2018-04-05,7716,114892
2018-04-06,1748,2018-04-06,9464,116640
2018-04-07,983,2018-04-07,10447,117623
2018-04-08,981,2018-04-08,11428,118604
2018-04-09,2358,2018-04-09,13786,120962
2018-04-10,2089,2018-04-10,15875,123051
2018-04-11,1767,2018-04-11,17642,124818
2018-04-12,2266,2018-04-12,19908,127084
2018-04-13,1226,2018-04-13,21134,128310
2018-04-14,1242,2018-04-14,22376,129552
2018-04-15,1314,2018-04-15,23690,130866
2018-04-16,1175,2018-04-16,24865,132041
2018-04-17,1995,2018-04-17,26860,134036
2018-04-18,1826,2018-04-18,28686,135862
2018-04-19,2137,2018-04-19,30823,137999
2018-04-20,1824,2018-04-20,32647,139823
2018-04-21,1360,2018-04-21,34007,141183
2018-04-22,2202,2018-04-22,36209,143385
2018-04-23,2696,2018-04-23,38905,146081
2018-04-24,2905,2018-04-24,41810,148986
2018-04-25,2970,2018-04-25,44780,151956
2018-04-26,3040,2018-04-26,47820,154996
2018-04-27,2697,2018-04-27,50517,157693
2018-04-28,468,2018-04-28,50985,158161
2018-04-29,1404,2018-04-29,52389,159565
2018-04-30,2058,2018-04-30,54447,161623
2018-05-01,3068,2018-05-01,3068,164691
2018-05-02,3123,2018-05-02,6191,167814
2018-05-03,2923,2018-05-03,9114,170737
2018-05-04,2374,2018-05-04,11488,173111
2018-05-05,2281,2018-05-05,13769,175392
2018-05-06,2207,2018-05-06,15976,177599
2018-05-07,3090,2018-05-07,19066,180689
2018-05-08,3147,2018-05-08,22213,183836
2018-05-09,2790,2018-05-09,25003,186626
2018-05-10,1594,2018-05-10,26597,188220
2018-05-11,2972,2018-05-11,29569,191192
2018-05-12,2204,2018-05-12,31773,193396
2018-05-13,2224,2018-05-13,33997,195620
2018-05-14,3291,2018-05-14,37288,198911
2018-05-15,3357,2018-05-15,40645,202268
2018-05-16,3074,2018-05-16,43719,205342
2018-05-17,2947,2018-05-17,46666,208289
2018-05-18,2506,2018-05-18,49172,210795
2018-05-19,2071,2018-05-19,51243,212866
2018-05-20,2022,2018-05-20,53265,214888
2018-05-21,2096,2018-05-21,55361,216984
2018-05-22,3285,2018-05-22,58646,220269
2018-05-23,3422,2018-05-23,62068,223691
2018-05-24,3212,2018-05-24,65280,226903
2018-05-25,3040,2018-05-25,68320,229943
2018-05-26,2130,2018-05-26,70450,232073
2018-05-27,2532,2018-05-27,72982,234605
2018-05-28,3833,2018-05-28,76815,238438
2018-05-29,3666,2018-05-29,80481,242104
2018-05-30,3547,2018-05-30,84028,245651
2018-05-31,3444,2018-05-31,87472,249095
2018-06-01,2962,2018-06-01,2962,252057
2018-06-02,2261,2018-06-02,5223,254318
2018-06-03,1085,2018-06-03,6308,255403
2018-06-04,3040,2018-06-04,9348,258443
2018-06-05,2911,2018-06-05,12259,261354
2018-06-06,3172,2018-06-06,15431,264526
2018-06-07,2712,2018-06-07,18143,267238
2018-06-08,1761,2018-06-08,19904,268999
2018-06-09,1708,2018-06-09,21612,270707
2018-06-10,1809,2018-06-10,23421,272516
2018-06-11,3211,2018-06-11,26632,275727
2018-06-12,2950,2018-06-12,29582,278677
2018-06-13,2375,2018-06-13,31957,281052
2018-06-14,3183,2018-06-14,35140,284235
2018-06-15,2674,2018-06-15,37814,286909
2018-06-16,2590,2018-06-16,40404,289499
2018-06-17,2809,2018-06-17,43213,292308
2018-06-18,3378,2018-06-18,46591,295686
2018-06-19,3586,2018-06-19,50177,299272
2018-06-20,3301,2018-06-20,53478,302573
2018-06-21,3308,2018-06-21,56786,305881
2018-06-22,2585,2018-06-22,59371,308466
2018-06-23,2200,2018-06-23,61571,310666
2018-06-24,2185,2018-06-24,63756,312851
2018-06-25,2887,2018-06-25,66643,315738
2018-06-26,3435,2018-06-26,70078,319173
2018-06-27,3244,2018-06-27,73322,322417
2018-06-28,2666,2018-06-28,75988,325083
2018-06-29,2094,2018-06-29,78082,327177
2018-06-30,1024,2018-06-30,79106,328201
2018-07-01,2647,2018-07-01,2647,330848
2018-07-02,2131,2018-07-02,4778,332979
2018-07-03,3266,2018-07-03,8044,336245
2018-07-04,3276,2018-07-04,11320,339521
2018-07-05,3221,2018-07-05,14541,342742
2018-07-06,3075,2018-07-06,17616,345817
2018-07-07,2044,2018-07-07,19660,347861
2018-07-08,2537,2018-07-08,22197,350398
2018-07-09,2827,2018-07-09,25024,353225
2018-07-10,3416,2018-07-10,28440,356641
2018-07-11,3496,2018-07-11,31936,360137
2018-07-12,3273,2018-07-12,35209,363410
2018-07-13,3106,2018-07-13,38315,366516
2018-07-14,2706,2018-07-14,41021,369222
2018-07-15,2699,2018-07-15,43720,371921
2018-07-16,3189,2018-07-16,46909,375110
2018-07-17,3498,2018-07-17,50407,378608
2018-07-18,3442,2018-07-18,53849,382050
2018-07-19,3201,2018-07-19,57050,385251
2018-07-20,2925,2018-07-20,59975,388176
2018-07-21,2379,2018-07-21,62354,390555
2018-07-22,2255,2018-07-22,64609,392810
2018-07-23,3274,2018-07-23,67883,396084
2018-07-24,3435,2018-07-24,71318,399519
2018-07-25,3453,2018-07-25,74771,402972
2018-07-26,3271,2018-07-26,78042,406243
2018-07-27,3001,2018-07-27,81043,409244
2018-07-28,2308,2018-07-28,83351,411552
2018-07-29,2379,2018-07-29,85730,413931
2018-07-30,2986,2018-07-30,88716,416917
2018-07-31,3330,2018-07-31,92046,420247
2018-08-01,3301,2018-08-01,3301,423548
2018-08-02,2891,2018-08-02,6192,426439
2018-08-03,2635,2018-08-03,8827,429074
2018-08-04,2400,2018-08-04,11227,431474
2018-08-05,2582,2018-08-05,13809,434056
2018-08-06,2429,2018-08-06,16238,436485
2018-08-07,3124,2018-08-07,19362,439609
2018-08-08,3273,2018-08-08,22635,442882
2018-08-09,3265,2018-08-09,25900,446147
2018-08-10,2865,2018-08-10,28765,449012
2018-08-11,1683,2018-08-11,30448,450695
2018-08-12,2105,2018-08-12,32553,452800
2018-08-13,2917,2018-08-13,35470,455717
2018-08-14,3165,2018-08-14,38635,458882
2018-08-15,3078,2018-08-15,41713,461960
2018-08-16,3119,2018-08-16,44832,465079
2018-08-17,2914,2018-08-17,47746,467993
2018-08-18,2229,2018-08-18,49975,470222
2018-08-19,1942,2018-08-19,51917,472164
2018-08-20,2433,2018-08-20,54350,474597
2018-08-21,2239,2018-08-21,56589,476836
2018-08-22,2408,2018-08-22,58997,479244
2018-08-23,2471,2018-08-23,61468,481715
2018-08-24,2510,2018-08-24,63978,484225
2018-08-25,1383,2018-08-25,65361,485608
2018-08-26,1522,2018-08-26,66883,487130
2018-08-27,3116,2018-08-27,69999,490246
2018-08-28,3412,2018-08-28,73411,493658
2018-08-29,2638,2018-08-29,76049,496296
2018-08-30,2965,2018-08-30,79014,499261
2018-08-31,2565,2018-08-31,81579,501826
2018-09-01,2099,2018-09-01,2099,503925
2018-09-02,2210,2018-09-02,4309,506135
2018-09-03,2180,2018-09-03,6489,508315
2018-09-04,3027,2018-09-04,9516,511342
2018-09-05,3375,2018-09-05,12891,514717
2018-09-06,3285,2018-09-06,16176,518002
2018-09-07,2261,2018-09-07,18437,520263
2018-09-08,1270,2018-09-08,19707,521533
2018-09-09,751,2018-09-09,20458,522284
2018-09-10,2433,2018-09-10,22891,524717
2018-09-11,2363,2018-09-11,25254,527080
2018-09-12,2794,2018-09-12,28048,529874
2018-09-13,2680,2018-09-13,30728,532554
2018-09-14,2249,2018-09-14,32977,534803
2018-09-15,901,2018-09-15,33878,535704
2018-09-16,935,2018-09-16,34813,536639
2018-09-17,2713,2018-09-17,37526,539352
2018-09-18,3100,2018-09-18,40626,542452
2018-09-19,2788,2018-09-19,43414,545240
2018-09-20,2210,2018-09-20,45624,547450
2018-09-21,1889,2018-09-21,47513,549339
2018-09-22,1228,2018-09-22,48741,550567
2018-09-23,1656,2018-09-23,50397,552223
2018-09-24,2484,2018-09-24,52881,554707
2018-09-25,2768,2018-09-25,55649,557475
2018-09-26,3005,2018-09-26,58654,560480
2018-09-27,2971,2018-09-27,61625,563451
2018-09-28,2723,2018-09-28,64348,566174
2018-09-29,1442,2018-09-29,65790,567616
2018-09-30,578,2018-09-30,66368,568194
2018-10-01,1843,2018-10-01,1843,570037
2018-10-02,2456,2018-10-02,4299,572493
2018-10-03,2326,2018-10-03,6625,574819
2018-10-04,2408,2018-10-04,9033,577227
2018-10-05,1209,2018-10-05,10242,578436
2018-10-06,1581,2018-10-06,11823,580017
2018-10-07,374,2018-10-07,12197,580391
2018-10-08,376,2018-10-08,12573,580767
2018-10-09,2552,2018-10-09,15125,583319
2018-10-10,2587,2018-10-10,17712,585906
2018-10-11,2705,2018-10-11,20417,588611
2018-10-12,2441,2018-10-12,22858,591052
2018-10-13,1661,2018-10-13,24519,592713
2018-10-14,1613,2018-10-14,26132,594326
2018-10-15,2488,2018-10-15,28620,596814
2018-10-16,2786,2018-10-16,31406,599600
2018-10-17,2631,2018-10-17,34037,602231
2018-10-18,2553,2018-10-18,36590,604784
2018-10-19,2275,2018-10-19,38865,607059
2018-10-20,1308,2018-10-20,40173,608367
2018-10-21,1613,2018-10-21,41786,609980
2018-10-22,2346,2018-10-22,44132,612326
2018-10-23,2237,2018-10-23,46369,614563
2018-10-24,2281,2018-10-24,48650,616844
2018-10-25,1799,2018-10-25,50449,618643
2018-10-26,1889,2018-10-26,52338,620532
2018-10-27,943,2018-10-27,53281,621475
2018-10-28,777,2018-10-28,54058,622252
2018-10-29,1979,2018-10-29,56037,624231
2018-10-30,2071,2018-10-30,58108,626302
2018-10-31,1835,2018-10-31,59943,628137
2018-11-01,1362,2018-11-01,1362,629499
2018-11-02,1942,2018-11-02,3304,631441
2018-11-03,441,2018-11-03,3745,631882
2018-11-04,1166,2018-11-04,4911,633048
2018-11-05,2015,2018-11-05,6926,635063
2018-11-06,2221,2018-11-06,9147,637284
2018-11-07,2397,2018-11-07,11544,639681
2018-11-08,2211,2018-11-08,13755,641892
2018-11-09,1231,2018-11-09,14986,643123
2018-11-10,1151,2018-11-10,16137,644274
2018-11-11,1004,2018-11-11,17141,645278
2018-11-12,1012,2018-11-12,18153,646290
2018-11-13,1905,2018-11-13,20058,648195
2018-11-14,1648,2018-11-14,21706,649843
2018-11-15,1998,2018-11-15,23704,651841
2018-11-16,1883,2018-11-16,25587,653724
2018-11-17,1222,2018-11-17,26809,654946
2018-11-18,1044,2018-11-18,27853,655990
2018-11-19,1975,2018-11-19,29828,657965
2018-11-20,1998,2018-11-20,31826,659963
2018-11-21,1704,2018-11-21,33530,661667
2018-11-22,1625,2018-11-22,35155,663292
2018-11-23,1188,2018-11-23,36343,664480
2018-11-24,996,2018-11-24,37339,665476
2018-11-25,663,2018-11-25,38002,666139
2018-11-26,1254,2018-11-26,39256,667393
2018-11-27,1829,2018-11-27,41085,669222
2018-11-28,1691,2018-11-28,42776,670913
2018-11-29,1842,2018-11-29,44618,672755
2018-11-30,1525,2018-11-30,46143,674280
2018-12-01,835,2018-12-01,835,675115
2018-12-02,887,2018-12-02,1722,676002
2018-12-03,1714,2018-12-03,3436,677716
2018-12-04,1721,2018-12-04,5157,679437
2018-12-05,1683,2018-12-05,6840,681120
2018-12-06,1518,2018-12-06,8358,682638
2018-12-07,1401,2018-12-07,9759,684039
2018-12-08,752,2018-12-08,10511,684791
2018-12-09,352,2018-12-09,10863,685143
2018-12-10,1499,2018-12-10,12362,686642
2018-12-11,957,2018-12-11,13319,687599
2018-12-12,1447,2018-12-12,14766,689046
2018-12-13,1157,2018-12-13,15923,690203
2018-12-14,1327,2018-12-14,17250,691530
2018-12-15,727,2018-12-15,17977,692257
2018-12-16,313,2018-12-16,18290,692570
2018-12-17,1464,2018-12-17,19754,694034
2018-12-18,1157,2018-12-18,20911,695191
2018-12-19,1321,2018-12-19,22232,696512
2018-12-20,964,2018-12-20,23196,697476
2018-12-21,1204,2018-12-21,24400,698680
2018-12-22,398,2018-12-22,24798,699078
2018-12-23,392,2018-12-23,25190,699470
2018-12-24,633,2018-12-24,25823,700103
2018-12-25,336,2018-12-25,26159,700439
2018-12-26,325,2018-12-26,26484,700764
2018-12-27,959,2018-12-27,27443,701723
2018-12-28,431,2018-12-28,27874,702154
2018-12-29,240,2018-12-29,28114,702394
2018-12-30,1014,2018-12-30,29128,703408
2018-12-31,947,2018-12-31,30075,704355
2019-01-01,605,2019-01-01,605,605
2019-01-02,1077,2019-01-02,1682,1682
2019-01-03,713,2019-01-03,2395,2395
2019-01-04,1399,2019-01-04,3794,3794
2019-01-05,775,2019-01-05,4569,4569
2019-01-06,698,2019-01-06,5267,5267
2019-01-07,1786,2019-01-07,7053,7053
2019-01-08,1417,2019-01-08,8470,8470
2019-01-09,1479,2019-01-09,9949,9949
2019-01-10,1690,2019-01-10,11639,11639
2019-01-11,1680,2019-01-11,13319,13319
2019-01-12,1243,2019-01-12,14562,14562
2019-01-13,1415,2019-01-13,15977,15977
2019-01-14,1849,2019-01-14,17826,17826
2019-01-15,1853,2019-01-15,19679,19679
2019-01-16,1732,2019-01-16,21411,21411
2019-01-17,1594,2019-01-17,23005,23005
2019-01-18,1370,2019-01-18,24375,24375
2019-01-19,723,2019-01-19,25098,25098
2019-01-20,973,2019-01-20,26071,26071
2019-01-21,1603,2019-01-21,27674,27674
2019-01-22,1316,2019-01-22,28990,28990
2019-01-23,1740,2019-01-23,30730,30730
2019-01-24,1770,2019-01-24,32500,32500
2019-01-25,1638,2019-01-25,34138,34138
2019-01-26,1055,2019-01-26,35193,35193
2019-01-27,955,2019-01-27,36148,36148
2019-01-28,1861,2019-01-28,38009,38009
2019-01-29,2053,2019-01-29,40062,40062
2019-01-30,1893,2019-01-30,41955,41955
2019-01-31,1757,2019-01-31,43712,43712
2019-02-01,1121,2019-02-01,1121,44833
2019-02-02,942,2019-02-02,2063,45775
2019-02-03,407,2019-02-03,2470,46182
2019-02-04,507,2019-02-04,2977,46689
2019-02-05,965,2019-02-05,3942,47654
2019-02-06,1240,2019-02-06,5182,48894
2019-02-07,1102,2019-02-07,6284,49996
2019-02-08,559,2019-02-08,6843,50555
2019-02-09,79,2019-02-09,6922,50634
2019-02-10,133,2019-02-10,7055,50767
2019-02-11,125,2019-02-11,7180,50892
2019-02-12,25,2019-02-12,7205,50917
2019-02-13,83,2019-02-13,7288,51000
2019-02-14,86,2019-02-14,7374,51086
2019-02-15,223,2019-02-15,7597,51309
2019-02-16,245,2019-02-16,7842,51554
2019-02-17,524,2019-02-17,8366,52078
2019-02-18,536,2019-02-18,8902,52614
2019-02-19,974,2019-02-19,9876,53588
2019-02-20,1312,2019-02-20,11188,54900
2019-02-21,1473,2019-02-21,12661,56373
2019-02-22,1158,2019-02-22,13819,57531
2019-02-23,723,2019-02-23,14542,58254
2019-02-24,577,2019-02-24,15119,58831
2019-02-25,1226,2019-02-25,16345,60057
2019-02-26,1321,2019-02-26,17666,61378
2019-02-27,1351,2019-02-27,19017,62729
2019-02-28,1483,2019-02-28,20500,64212
2019-03-01,1485,2019-03-01,1485,65697
2019-03-02,990,2019-03-02,2475,66687
2019-03-03,1084,2019-03-03,3559,67771
2019-03-04,1706,2019-03-04,5265,69477
2019-03-05,1781,2019-03-05,7046,71258
2019-03-06,1610,2019-03-06,8656,72868
2019-03-07,1621,2019-03-07,10277,74489
2019-03-08,1296,2019-03-08,11573,75785
2019-03-09,1073,2019-03-09,12646,76858
2019-03-10,1256,2019-03-10,13902,78114
2019-03-11,1469,2019-03-11,15371,79583
2019-03-12,1648,2019-03-12,17019,81231
2019-03-13,1843,2019-03-13,18862,83074
2019-03-14,1811,2019-03-14,20673,84885
2019-03-15,1888,2019-03-15,22561,86773
2019-03-16,1510,2019-03-16,24071,88283
2019-03-17,1935,2019-03-17,26006,90218
2019-03-18,2350,2019-03-18,28356,92568
2019-03-19,2608,2019-03-19,30964,95176
2019-03-20,2731,2019-03-20,33695,97907
2019-03-21,2392,2019-03-21,36087,100299
2019-03-22,1868,2019-03-22,37955,102167
2019-03-23,1440,2019-03-23,39395,103607
2019-03-24,1633,2019-03-24,41028,105240
2019-03-25,1857,2019-03-25,42885,107097
2019-03-26,2321,2019-03-26,45206,109418
2019-03-27,2503,2019-03-27,47709,111921
2019-03-28,2505,2019-03-28,50214,114426
2019-03-29,2422,2019-03-29,52636,116848
2019-03-30,2105,2019-03-30,54741,118953
2019-03-31,1986,2019-03-31,56727,120939
2019-04-01,2713,2019-04-01,2713,123652
2019-04-02,2780,2019-04-02,5493,126432
2019-04-03,2040,2019-04-03,7533,128472
2019-04-04,2531,2019-04-04,10064,131003
2019-04-05,1759,2019-04-05,11823,132762
2019-04-06,729,2019-04-06,12552,133491
2019-04-07,1844,2019-04-07,14396,135335
2019-04-08,1983,2019-04-08,16379,137318
2019-04-09,2563,2019-04-09,18942,139881
2019-04-10,1907,2019-04-10,20849,141788
2019-04-11,1563,2019-04-11,22412,143351
2019-04-12,2350,2019-04-12,24762,145701
2019-04-13,533,2019-04-13,25295,146234
2019-04-14,1089,2019-04-14,26384,147323
2019-04-15,2496,2019-04-15,28880,149819
2019-04-16,2348,2019-04-16,31228,152167
2019-04-17,2442,2019-04-17,33670,154609
2019-04-18,1226,2019-04-18,34896,155835
2019-04-19,1407,2019-04-19,36303,157242
2019-04-20,2183,2019-04-20,38486,159425
2019-04-21,1569,2019-04-21,40055,160994
2019-04-22,652,2019-04-22,40707,161646
2019-04-23,2757,2019-04-23,43464,164403
2019-04-24,2795,2019-04-24,46259,167198
2019-04-25,2662,2019-04-25,48921,169860
2019-04-26,2368,2019-04-26,51289,172228
2019-04-27,1295,2019-04-27,52584,173523
2019-04-28,2106,2019-04-28,54690,175629
2019-04-29,2946,2019-04-29,57636,178575
2019-04-30,3161,2019-04-30,60797,181736
2019-05-01,3041,2019-05-01,3041,184777
2019-05-02,2807,2019-05-02,5848,187584
2019-05-03,2576,2019-05-03,8424,190160
2019-05-04,2100,2019-05-04,10524,192260
2019-05-05,2219,2019-05-05,12743,194479
2019-05-06,3071,2019-05-06,15814,197550
2019-05-07,3419,2019-05-07,19233,200969
2019-05-08,3389,2019-05-08,22622,204358
2019-05-09,3446,2019-05-09,26068,207804
2019-05-10,3180,2019-05-10,29248,210984
2019-05-11,2127,2019-05-11,31375,213111
2019-05-12,1640,2019-05-12,33015,214751
2019-05-13,2920,2019-05-13,35935,217671
2019-05-14,2008,2019-05-14,37943,219679
2019-05-15,2949,2019-05-15,40892,222628
2019-05-16,2692,2019-05-16,43584,225320
2019-05-17,2238,2019-05-17,45822,227558
2019-05-18,2114,2019-05-18,47936,229672
2019-05-19,2241,2019-05-19,50177,231913
2019-05-20,724,2019-05-20,50901,232637
2019-05-21,2791,2019-05-21,53692,235428
2019-05-22,3601,2019-05-22,57293,239029
2019-05-23,3619,2019-05-23,60912,242648
2019-05-24,2801,2019-05-24,63713,245449
2019-05-25,692,2019-05-25,64405,246141
2019-05-26,2761,2019-05-26,67166,248902
2019-05-27,4289,2019-05-27,71455,253191
2019-05-28,3803,2019-05-28,75258,256994
2019-05-29,3927,2019-05-29,79185,260921
2019-05-30,3870,2019-05-30,83055,264791
2019-05-31,3770,2019-05-31,86825,268561
2019-06-01,2322,2019-06-01,2322,270883
2019-06-02,2339,2019-06-02,4661,273222
2019-06-03,3267,2019-06-03,7928,276489
2019-06-04,3709,2019-06-04,11637,280198
2019-06-05,3076,2019-06-05,14713,283274
2019-06-06,3177,2019-06-06,17890,286451
2019-06-07,2579,2019-06-07,20469,289030
2019-06-08,2319,2019-06-08,22788,291349
2019-06-09,2298,2019-06-09,25086,293647
2019-06-10,3292,2019-06-10,28378,296939
2019-06-11,4015,2019-06-11,32393,300954
2019-06-12,4029,2019-06-12,36422,304983
2019-06-13,3499,2019-06-13,39921,308482
2019-06-14,3121,2019-06-14,43042,311603
2019-06-15,2526,2019-06-15,45568,314129
2019-06-16,2948,2019-06-16,48516,317077
2019-06-17,3467,2019-06-17,51983,320544
2019-06-18,3478,2019-06-18,55461,324022
2019-06-19,3228,2019-06-19,58689,327250
2019-06-20,3177,2019-06-20,61866,330427
2019-06-21,3323,2019-06-21,65189,333750
2019-06-22,2320,2019-06-22,67509,336070
2019-06-23,1955,2019-06-23,69464,338025
2019-06-24,3234,2019-06-24,72698,341259
2019-06-25,3689,2019-06-25,76387,344948
2019-06-26,3501,2019-06-26,79888,348449
2019-06-27,2007,2019-06-27,81895,350456
2019-06-28,3016,2019-06-28,84911,353472
2019-06-29,2335,2019-06-29,87246,355807
2019-06-30,2581,2019-06-30,89827,358388
2019-07-01,3222,2019-07-01,3222,361610
2019-07-02,2190,2019-07-02,5412,363800
2019-07-03,3449,2019-07-03,8861,367249
2019-07-04,3418,2019-07-04,12279,370667
2019-07-05,2799,2019-07-05,15078,373466
2019-07-06,2511,2019-07-06,17589,375977
2019-07-07,1817,2019-07-07,19406,377794
2019-07-08,3471,2019-07-08,22877,381265
2019-07-09,3140,2019-07-09,26017,384405
2019-07-10,2119,2019-07-10,28136,386524
2019-07-11,2999,2019-07-11,31135,389523
2019-07-12,3214,2019-07-12,34349,392737
2019-07-13,2652,2019-07-13,37001,395389
2019-07-14,2532,2019-07-14,39533,397921
2019-07-15,2989,2019-07-15,42522,400910
2019-07-16,3750,2019-07-16,46272,404660
2019-07-17,2073,2019-07-17,48345,406733
2019-07-18,3582,2019-07-18,51927,410315
2019-07-19,3229,2019-07-19,55156,413544
2019-07-20,2627,2019-07-20,57783,416171
2019-07-21,3146,2019-07-21,60929,419317
2019-07-22,3438,2019-07-22,64367,422755
2019-07-23,3578,2019-07-23,67945,426333
2019-07-24,3561,2019-07-24,71506,429894
2019-07-25,3581,2019-07-25,75087,433475
2019-07-26,3307,2019-07-26,78394,436782
2019-07-27,2377,2019-07-27,80771,439159
2019-07-28,2547,2019-07-28,83318,441706
